0,61,65,59,61,69,77,60
61,0,62,55,52,74,62,58
65,62,0,63,56,62,65,59
59,55,63,0,54,68,57,62
61,52,56,54,0,55,58,53
69,74,62,68,55,0,70,65
77,62,65,57,58,70,0,58
60,58,59,62,53,65,58,0
