0,117,125,117,121,118,118,120
117,0,116,111,122,111,118,112
125,116,0,119,116,119,121,112
117,111,119,0,114,111,111,106
121,122,116,114,0,117,114,106
118,111,119,111,117,0,114,125
118,118,121,111,114,114,0,106
120,112,112,106,106,125,106,0
